[[ 5  0  0  0  0]
 [ 1 20  2  0  0]
 [ 0  7 87  3  2]
 [ 0  1  4 39  1]
 [ 0  0  0  3 30]]
             
             precision    recall  f1-score   support
          0       0.83      1.00      0.91         5
          1       0.71      0.87      0.78        23
          2       0.94      0.88      0.91        99
          3       0.87      0.87      0.87        45
          4       0.91      0.91      0.91        33
    avg / total       0.89      0.88      0.88       205
    acc: 88.29%




[[ 5  0  0  0  0]
 [ 0 16  6  0  0]
 [ 0  5 87  6  1]
 [ 0  1  3 38  3]
 [ 1  0  1  6 25]]

             precision    recall  f1-score   support
          0       0.83      1.00      0.91         5
          1       0.73      0.73      0.73        22
          2       0.90      0.88      0.89        99
          3       0.76      0.84      0.80        45
          4       0.86      0.76      0.81        33
    avg / total       0.84      0.84      0.84       204
    acc: 83.82%




[[ 5  0  0  0  0]
 [ 0 18  4  0  0]
 [ 0  1 96  1  0]
 [ 0  0  2 34  9]
 [ 0  1  0  4 28]]

             precision    recall  f1-score   support
          0       1.00      1.00      1.00         5
          1       0.90      0.82      0.86        22
          2       0.94      0.98      0.96        98
          3       0.87      0.76      0.81        45
          4       0.76      0.85      0.80        33
    avg / total       0.89      0.89      0.89       203
    acc: 89.16%





[[ 5  0  0  0  0]
 [ 0 20  2  0  0]
 [ 0  5 88  2  3]
 [ 0  0  5 34  5]
 [ 0  0  0  3 30]]

             precision    recall  f1-score   support
          0       1.00      1.00      1.00         5
          1       0.80      0.91      0.85        22
          2       0.93      0.90      0.91        98
          3       0.87      0.77      0.82        44
          4       0.79      0.91      0.85        33
    avg / total       0.88      0.88      0.88       202
    acc: 87.62%






[[ 4  1  0  0  0]
 [ 0 19  3  0  0]
 [ 0  1 92  4  1]
 [ 0  0  4 35  5]
 [ 0  0  0  4 28]]

             precision    recall  f1-score   support
          0       1.00      0.80      0.89         5
          1       0.90      0.86      0.88        22
          2       0.93      0.94      0.93        98
          3       0.81      0.80      0.80        44
          4       0.82      0.88      0.85        32
    avg / total       0.89      0.89      0.89       201
    acc: 88.56%

Final acc: 87.49% (+/- 1.90%)
