             precision    recall  f1-score   support
          0       1.00      1.00      1.00         4
          1       0.84      0.88      0.86        24
          2       0.91      0.91      0.91        79
          3       0.72      0.58      0.65        36
          4       0.72      0.85      0.78        34
    avg / total       0.83      0.83      0.83       177
    acc: 83.05%

             precision    recall  f1-score   support
          0       1.00      0.75      0.86         4
          1       0.80      1.00      0.89        24
          2       0.96      0.94      0.95        79
          3       0.86      0.69      0.76        35
          4       0.79      0.88      0.83        34
avg / total       0.89      0.88      0.88       176
acc: 88.07%

             precision    recall  f1-score   support
          0       1.00      1.00      1.00         4
          1       0.95      0.78      0.86        23
          2       0.92      0.97      0.94        78
          3       0.88      0.83      0.85        35
          4       0.89      0.91      0.90        34
avg / total       0.91      0.91      0.91       174
acc: 90.80%

             precision    recall  f1-score   support
          0       1.00      0.75      0.86         4
          1       0.89      0.74      0.81        23
          2       0.91      0.99      0.94        78
          3       0.89      0.89      0.89        35
          4       0.94      0.88      0.91        34
avg / total       0.91      0.91      0.91       174
acc: 90.80%

             precision    recall  f1-score   support
          0       0.50      0.50      0.50         4
          1       0.83      0.87      0.85        23
          2       0.97      0.95      0.96        78
          3       0.91      0.83      0.87        35
          4       0.84      0.94      0.89        34
avg / total       0.90      0.90      0.90       174
acc: 90.23%

             precision    recall  f1-score   support
          0       1.00      1.00      1.00         4
          1       0.95      0.91      0.93        23
          2       0.95      0.99      0.97        78
          3       0.91      0.86      0.88        35
          4       0.94      0.94      0.94        34
avg / total       0.94      0.94      0.94       174
acc: 94.25%

             precision    recall  f1-score   support
          0       1.00      1.00      1.00         3
          1       0.94      0.74      0.83        23
          2       0.93      0.99      0.96        78
          3       0.84      0.91      0.88        35
          4       0.94      0.85      0.89        34
avg / total       0.92      0.91      0.91       173
acc: 91.33%

mean acc: 89.79% (+/- 3.23%)
