[ 3  1  0  0  0]
[ 1 21  2  0  0]
[ 0  5 70  3  1]
[ 0  1  2 27  6]
[ 0  0  0  9 25]
acc: 82.49%

[ 3  1  0  0  0]
[ 1 16  7  0  0]
[ 0  0 77  2  0]
[ 0  0  5 29  1]
[ 0  1  0  5 28]
acc: 86.93%

[ 4  0  0  0  0]
[ 0 19  3  0  1]
[ 0  0 78  0  0]
[ 0  0  0 30  5]
[ 0  0  1  3 30]
acc: 92.53%

[ 3  1  0  0  0]
[ 0 20  3  0  0]
[ 0  1 77  0  0]
[ 0  0  1 33  1]
[ 0  1  0  5 28]
acc: 92.53%

[ 4  0  0  0  0]
[ 1 21  1  0  0]
[ 0  2 75  1  0]
[ 0  0  0 32  3]
[ 1  1  0  1 31]
acc: 93.68%

[ 4  0  0  0  0]
[ 0 19  2  1  1]
[ 0  1 77  0  0]
[ 0  0  4 29  2]
[ 0  0  1  1 32]
acc: 92.53%

[ 3  0  0  0  0]
[ 0 19  3  1  0]
[ 0  0 77  1  0]
[ 0  1  1 27  6]
[ 0  0  0  2 32]
acc: 91.33%

mean acc: 90.29% (+/- 3.78%)
