[ 4  0  0  0  0]
[ 0 10  6  0  0]
[ 0  1 69  0  1]
[ 0  1  7 21  3]
[ 0  0  0  4 20]
acc: 84.35%

[ 3  0  0  0  1]
[ 1 10  4  1  0]
[ 0  2 66  3  0]
[ 0  0  8 23  1]
[ 0  0  1  3 20]
acc: 82.99%

[ 4  0  0  0  0]
[ 0 11  5  0  0]
[ 0  1 68  1  0]
[ 0  0  3 27  2]
[ 1  0  0  4 19]
acc: 88.36%

[ 3  1  0  0  0]
[ 0 11  5  0  0]
[ 0  0 70  0  0]
[ 0  0  4 24  4]
[ 0  0  0  4 19]
acc: 87.59%

[ 3  0  0  0  0]
[ 0 14  2  0  0]
[ 0  0 68  1  1]
[ 0  0  4 26  2]
[ 0  0  1  5 17]
acc: 88.89%

[ 3  0  0  0  0]
[ 0 12  4  0  0]
[ 0  1 68  1  0]
[ 0  0  7 25  0]
[ 0  0  1  4 18]
acc: 87.50%

[ 3  0  0  0  0]
[ 0 11  4  0  0]
[ 0  0 70  0  0]
[ 0  0  2 27  2]
[ 0  0  1  2 20]
acc: 92.25%

mean acc: 87.42% (+/- 2.81%)
