             precision    recall  f1-score   support
          0       1.00      1.00      1.00         4
          1       1.00      0.69      0.81        16
          2       0.86      0.99      0.92        71
          3       0.82      0.72      0.77        32
          4       0.83      0.79      0.81        24
avg / total       0.87      0.86      0.86       147
acc: 86.39%

             precision    recall  f1-score   support
          0       0.75      0.75      0.75         4
          1       1.00      0.69      0.81        16
          2       0.85      0.96      0.90        71
          3       0.76      0.69      0.72        32
          4       0.87      0.83      0.85        24
avg / total       0.85      0.84      0.84       147
acc: 84.35%

             precision    recall  f1-score   support
          0       0.80      1.00      0.89         4
          1       1.00      0.69      0.81        16
          2       0.91      1.00      0.95        70
          3       0.85      0.91      0.88        32
          4       0.95      0.75      0.84        24
avg / total       0.91      0.90      0.90       146
acc: 90.41%

             precision    recall  f1-score   support
          0       1.00      1.00      1.00         4
          1       0.90      0.56      0.69        16
          2       0.85      0.99      0.91        70
          3       0.77      0.75      0.76        32
          4       0.84      0.70      0.76        23
avg / total       0.84      0.84      0.83       145
acc: 84.14%

             precision    recall  f1-score   support
          0       1.00      0.67      0.80         3
          1       0.88      0.88      0.88        16
          2       0.91      0.91      0.91        70
          3       0.82      0.84      0.83        32
          4       0.83      0.83      0.83        23
avg / total       0.88      0.88      0.87       144
acc: 87.50%

             precision    recall  f1-score   support
          0       1.00      1.00      1.00         3
          1       0.93      0.88      0.90        16
          2       0.89      0.96      0.92        70
          3       0.84      0.81      0.83        32
          4       0.95      0.83      0.88        23
avg / total       0.90      0.90      0.89       144
acc: 89.58%

             precision    recall  f1-score   support
          0       1.00      1.00      1.00         3
          1       1.00      0.73      0.85        15
          2       0.89      1.00      0.94        70
          3       0.89      0.81      0.85        31
          4       0.90      0.83      0.86        23
avg / total       0.91      0.90      0.90       142
acc: 90.14%

mean acc: 87.50% (+/- 2.46%)
