[[ 5  0  0  0  0]
 [ 2 11  6  1  2]
 [ 0  6 83  8  2]
 [ 0  3 17 20  5]
 [ 1  0  3  5 24]]
             
             precision    recall  f1-score   support
          0       0.62      1.00      0.77         5
          1       0.55      0.50      0.52        22
          2       0.76      0.84      0.80        99
          3       0.59      0.44      0.51        45
          4       0.73      0.73      0.73        33
        avg / total       0.69      0.70      0.69       204

Accuracy =  0.700980392157
